# Created by Octave 4.2.1, Thu Oct 12 22:50:54 2017 NPT <suraj@suraj>
# name: A
# type: matrix
# rows: 3
# columns: 3
 8 1 6
 3 5 7
 4 9 2


