# Created by Octave 4.2.1, Sun Oct 15 20:10:32 2017 NPT <suraj@suraj>
# name: theta
# type: matrix
# rows: 105
# columns: 1
 3.30362782894982
 -4.891562304614351
 1.603937721095348
 -0.9844271939977923
 4.457712525220432
 -0.7470094379432116
 0.2543496353594722
 0.1102105817013874
 3.322255306863955
 -5.255360413054743
 3.10963183002385
 1.765800520602108
 0.3669948501869261
 -1.177944699624197
 0.376666626979091
 -4.482227471713323
 4.068203979464753
 -0.02025202380458999
 2.399427204728906
 0.9216301040622895
 1.148463877818186
 -4.519958958649601
 2.216872144102784
 -0.05570689938507746
 0.08027605343777382
 -0.9050448712284662
 0.1406891413572942
 -0.1824094476805225
 3.074026848969686
 -0.1188212369311876
 1.199702041385623
 -1.770348742330285
 -0.7402788360935852
 -0.9379155279754224
 -0.3670963464298427
 -0.4485342668457619
 1.213412844059548
 -0.8417065943099771
 -0.5019055574760545
 -0.5186040028793073
 -0.1076360467254918
 -1.767832188910541
 0.9073856891185538
 0.02015388764211563
 0.4622481174238779
 0.1863039692424163
 -0.6676413507520748
 -1.805925697033766
 1.006637619652974
 5.074631308773492
 0.8400993055954419
 -0.5195549989284503
 1.062689868738935
 -0.5413171939241733
 2.45541204166989
 0.3725367427478337
 2.251495507897832
 -0.8456946098020607
 -0.4030136924024554
 -0.2088429430937943
 1.901548800734981
 -1.883159234260166
 0.1480737367975686
 1.452908696773254
 0.1629236994644668
 0.3238523775174242
 -0.3663305655514601
 -2.023790035258138
 0.7282589988513162
 1.080944957299519
 1.592346538509073
 -0.7653451019064019
 0.02232360783517596
 -2.265652527876352
 1.260581030874658
 0.6948269313784919
 -3.51281138100517
 0.5876615754424562
 -0.6305090955998867
 0.1856263902933983
 0.004801575334908389
 -1.890232831495162
 -0.9729210096600369
 -0.463461103714726
 1.354158814497535
 0.3276161125638474
 1.083599936591856
 -0.5297476739939991
 0.2767485020477886
 1.854719932287216
 1.093717557514958
 -1.927603881578861
 0.986937217869874
 -0.7912782899919647
 -0.09998669370706954
 0.01309536932533058
 0.9161230644160491
 -0.3513483954072723
 -0.2087901783839281
 -0.06606453350403133
 0.183300529077097
 -0.9666346574159754
 0.5896742628434559
 -0.231932504610018
 0.2037910019745094


