# Created by Octave 4.2.1, Sat Oct 14 19:45:09 2017 NPT <suraj@suraj>
# name: theta
# type: matrix
# rows: 79
# columns: 1
 3.356598373868735
 -4.787697047801028
 1.892876483336187
 -0.3722328889015797
 4.57660514397678
 -0.6324252499973
 0.2212831366851608
 -0.2165648919762405
 2.997322584902537
 -5.316697883695161
 3.50937573335485
 1.895566460870774
 0.4173039516164692
 -1.12726383026006
 0.08288269113850137
 -4.520803718854665
 3.909534652810643
 -0.02085426096917247
 1.733314365891519
 0.7243974541408814
 0.9641116136937005
 -4.476736919898147
 2.769841214630596
 -0.02665695126718158
 0.240579784123892
 -1.16979840044718
 0.08933514678328087
 -0.2830660932609599
 3.097585442003079
 -0.1453307910090495
 1.333852846328693
 -2.015322452990257
 -0.6653605830141154
 -0.8155506866275875
 -1.116554485036843
 -0.2894375592021527
 1.922206069876975
 -0.6329524126969351
 -0.6272695268527015
 -0.3316596611354728
 0.009912065592250087
 -1.88715496761486
 1.199097425249727
 0.03752179686799696
 -0.1901403097188491
 0.4757426116103577
 -0.5700819271189783
 -1.711842840444552
 0.9465384991161647
 4.342921984296909
 1.480458299926963
 -1.716503037555603
 1.508988667283612
 -0.5933569397497608
 2.19408602339706
 1.926945748778318
 3.213721548368483
 -1.349681167771113
 -0.5323408501711684
 0.4138902186485864
 1.404543342983088
 -1.692610329583201
 0.5721055676946988
 1.436531392940874
 -0.2305521552960706
 0.4242436474040765
 -0.8294592026932553
 -1.837509986166421
 0.4257529117907391
 0.6005461476249168
 1.458332960734025
 -0.7402219672342876
 0.130464408843785
 -2.148553162794534
 1.150576410327084
 1.026167058052979
 -3.482330266480334
 0.7784417006185895
 -0.363134686400337


